97.000 130.000 
298.000 331.000 
91.000 122.000 
135.000 408.000 
57.000 139.000 
174.000 385.000 
135.000 174.000 
123.000 172.000 
191.000 288.000 
60.000 178.000 
205.000 292.000 
68.000 154.000 
268.000 279.000 
172.000 375.000 
249.000 264.000 
143.000 172.000 
98.000 122.000 
79.000 220.000 
89.000 129.000 
86.000 121.000 
265.000 277.000 
140.000 193.000 
169.000 45.000 
134.000 186.000 
306.000 470.000 
126.000 200.000 
128.000 184.000 
150.000 78.000 
121.000 193.000 
358.000 375.000 
110.000 239.000 
306.000 335.000 
182.000 38.000 
131.000 168.000 
82.000 135.000 
152.000 59.000 
323.000 313.000 
86.000 229.000 
99.000 125.000 
170.000 52.000 
342.000 358.000 
171.000 393.000 
185.000 82.000 
127.000 178.000 
324.000 321.000 
303.000 368.000 
253.000 77.000 
337.000 304.000 
181.000 82.000 
164.000 80.000 
236.000 108.000 
259.000 235.000 
67.000 224.000 
140.000 175.000 
185.000 363.000 
117.000 195.000 
138.000 188.000 
59.000 183.000 
303.000 323.000 
112.000 242.000 
74.000 138.000 
297.000 371.000 
52.000 178.000 
244.000 270.000 
194.000 452.000 
258.000 249.000 
92.000 226.000 
232.000 424.000 
217.000 32.000 
121.000 187.000 
76.000 132.000 
163.000 77.000 
237.000 199.000 
259.000 410.000 
281.000 392.000 
139.000 197.000 
184.000 460.000 
297.000 486.000 
124.000 99.000 
287.000 479.000 
308.000 302.000 
233.000 132.000 
325.000 118.000 
254.000 250.000 
257.000 182.000 
282.000 452.000 
136.000 166.000 
217.000 246.000 
225.000 144.000 
99.000 71.000 
169.000 11.000 
131.000 204.000 
264.000 467.000 
293.000 374.000 
300.000 398.000 
170.000 478.000 
295.000 486.000 
149.000 166.000 
159.000 56.000 
144.000 499.000 
113.000 89.000 
165.000 39.000 
112.000 191.000 
225.000 103.000 
180.000 91.000 
362.000 439.000 
198.000 430.000 
296.000 377.000 
157.000 53.000 
308.000 371.000 
71.000 130.000 
123.000 206.000 
114.000 196.000 
310.000 333.000 
263.000 251.000 
268.000 355.000 
76.000 88.000 
175.000 140.000 
104.000 68.000 
299.000 336.000 
148.000 189.000 
255.000 253.000 
230.000 513.000 
318.000 344.000 
337.000 128.000 
89.000 142.000 
388.000 392.000 
209.000 275.000 
178.000 442.000 
85.000 212.000 
107.000 245.000 
263.000 97.000 
151.000 445.000 
117.000 186.000 
326.000 380.000 
212.000 273.000 
277.000 190.000 
353.000 442.000 
275.000 164.000 
190.000 392.000 
92.000 209.000 
167.000 402.000 
289.000 413.000 
263.000 241.000 
196.000 455.000 
120.000 266.000 
226.000 415.000 
187.000 114.000 
176.000 545.000 
209.000 424.000 
286.000 68.000 
274.000 100.000 
97.000 165.000 
97.000 165.000 
168.000 124.000 
289.000 384.000 
102.000 221.000 
123.000 153.000 
153.000 80.000 
165.000 444.000 
214.000 287.000 
263.000 426.000 
290.000 407.000 
330.000 119.000 
335.000 150.000 
77.000 132.000 
92.000 122.000 
101.000 226.000 
101.000 128.000 
110.000 235.000 
123.000 190.000 
136.000 205.000 
141.000 191.000 
216.000 463.000 
255.000 251.000 
61.000 141.000 
74.000 140.000 
81.000 86.000 
103.000 221.000 
105.000 112.000 
105.000 234.000 
113.000 89.000 
113.000 130.000 
115.000 264.000 
129.000 83.000 
130.000 45.000 
135.000 174.000 
135.000 174.000 
148.000 190.000 
185.000 148.000 
186.000 463.000 
189.000 215.000 
189.000 215.000 
189.000 259.000 
196.000 458.000 
214.000 428.000 
217.000 248.000 
218.000 225.000 
218.000 225.000 
221.000 270.000 
252.000 416.000 
312.000 303.000 
339.000 331.000 
84.000 150.000 
107.000 257.000 
114.000 103.000 
121.000 167.000 
126.000 197.000 
135.000 56.000 
145.000 171.000 
165.000 455.000 
166.000 54.000 
177.000 383.000 
178.000 90.000 
183.000 400.000 
184.000 113.000 
205.000 207.000 
206.000 416.000 
214.000 185.000 
222.000 422.000 
250.000 268.000 
259.000 414.000 
268.000 276.000 
298.000 379.000 
337.000 377.000 
337.000 377.000 
93.000 62.000 
136.000 70.000 
139.000 261.000 
140.000 158.000 
182.000 447.000 
187.000 286.000 
198.000 219.000 
212.000 95.000 
227.000 197.000 
227.000 197.000 
259.000 96.000 
265.000 408.000 
62.000 174.000 
107.000 178.000 
115.000 168.000 
130.000 75.000 
135.000 49.000 
139.000 170.000 
142.000 48.000 
171.000 385.000 
172.000 48.000 
182.000 440.000 
222.000 98.000 
233.000 424.000 
243.000 88.000 
244.000 268.000 
256.000 81.000 
265.000 338.000 
279.000 343.000 
292.000 414.000 
301.000 371.000 
302.000 339.000 
335.000 155.000 
341.000 371.000 
64.000 183.000 
79.000 145.000 
102.000 74.000 
102.000 118.000 
116.000 152.000 
116.000 243.000 
117.000 124.000 
121.000 201.000 
127.000 172.000 
145.000 507.000 
148.000 161.000 
163.000 48.000 
167.000 84.000 
171.000 380.000 
171.000 448.000 
177.000 468.000 
178.000 144.000 
178.000 144.000 
191.000 293.000 
191.000 293.000 
208.000 427.000 
211.000 298.000 
227.000 414.000 
255.000 262.000 
282.000 417.000 
330.000 329.000 
339.000 404.000 
343.000 357.000 
89.000 89.000 
92.000 136.000 
105.000 164.000 
118.000 96.000 
133.000 411.000 
134.000 181.000 
151.000 87.000 
157.000 453.000 
170.000 381.000 
214.000 86.000 
215.000 278.000 
228.000 139.000 
257.000 274.000 
261.000 109.000 
290.000 378.000 
300.000 406.000 
323.000 392.000 
343.000 306.000 
343.000 306.000 
94.000 127.000 
198.000 130.000 
198.000 130.000 
198.000 438.000 
238.000 139.000 
263.000 246.000 
320.000 404.000 
69.000 146.000 
135.000 92.000 
166.000 139.000 
201.000 299.000 
272.000 348.000 
272.000 348.000 
334.000 317.000 
86.000 78.000 
132.000 196.000 
153.000 264.000 
168.000 244.000 
257.000 67.000 
320.000 377.000 
63.000 76.000 
148.000 70.000 
167.000 480.000 
185.000 130.000 
190.000 454.000 
201.000 367.000 
238.000 195.000 
251.000 156.000 
251.000 156.000 
287.000 209.000 
320.000 314.000 
322.000 360.000 
343.000 306.000 
348.000 382.000 
77.000 65.000 
143.000 209.000 
158.000 415.000 
174.000 116.000 
190.000 196.000 
232.000 78.000 
252.000 139.000 
251.000 255.000 
275.000 62.000 
323.000 331.000 
148.000 243.000 
183.000 57.000 
244.000 179.000 
259.000 286.000 
327.000 190.000 
209.000 70.000 
221.000 187.000 
307.000 419.000 
197.000 94.000 
109.000 145.000 
109.000 145.000 
328.000 106.000 
