-0.219 -0.085 0.646 
-0.170 0.004 0.789 
-0.221 -0.088 0.643 
-0.220 0.038 0.692 
-0.228 -0.079 0.626 
-0.209 0.028 0.713 
-0.211 -0.068 0.667 
-0.214 -0.068 0.661 
-0.196 -0.017 0.697 
-0.227 -0.063 0.626 
-0.193 -0.015 0.706 
-0.226 -0.073 0.631 
-0.174 -0.022 0.743 
-0.210 0.024 0.711 
-0.179 -0.029 0.729 
-0.224 -0.073 0.719 
-0.219 -0.089 0.647 
-0.224 -0.045 0.638 
-0.221 -0.085 0.642 
-0.222 -0.088 0.641 
-0.174 -0.023 0.740 
-0.210 -0.059 0.670 
-0.199 -0.127 0.677 
-0.211 -0.062 0.667 
-0.165 0.076 0.779 
-0.213 -0.056 0.663 
-0.213 -0.063 0.664 
-0.205 -0.111 0.671 
-0.215 -0.059 0.661 
-0.147 0.028 0.828 
-0.217 -0.038 0.654 
-0.167 0.006 0.795 
-0.195 -0.131 0.682 
-0.212 -0.070 0.665 
-0.223 -0.082 0.639 
-0.203 -0.119 0.666 
-0.160 -0.006 0.804 
-0.222 -0.042 0.640 
-0.219 -0.087 0.647 
-0.198 -0.124 0.677 
-0.154 0.018 0.820 
-0.210 0.032 0.712 
-0.195 -0.112 0.688 
-0.213 -0.066 0.663 
-0.160 -0.001 0.806 
-0.169 0.023 0.794 
-0.173 -0.119 0.719 
-0.155 -0.010 0.812 
-0.196 -0.112 0.686 
-0.201 -0.111 0.678 
-0.181 -0.104 0.717 
-0.175 -0.043 0.732 
-0.227 -0.044 0.632 
-0.209 -0.068 0.670 
-0.203 0.019 0.708 
-0.216 -0.057 0.659 
-0.210 -0.061 0.669 
-0.227 -0.061 0.626 
-0.168 -0.001 0.792 
-0.217 -0.037 0.655 
-0.225 -0.081 0.635 
-0.171 0.024 0.791 
-0.229 -0.062 0.621 
-0.181 -0.026 0.727 
-0.204 0.061 0.726 
-0.176 -0.036 0.733 
-0.221 -0.044 0.645 
-0.190 0.050 0.738 
-0.184 -0.137 0.697 
-0.215 -0.062 0.660 
-0.224 -0.083 0.636 
-0.202 -0.113 0.677 
-0.181 -0.060 0.718 
-0.184 0.043 0.765 
-0.176 0.035 0.779 
-0.210 -0.058 0.670 
-0.207 0.065 0.721 
-0.168 0.083 0.772 
-0.212 -0.100 0.659 
-0.171 0.079 0.767 
-0.165 -0.011 0.792 
-0.182 -0.091 0.714 
-0.147 -0.103 0.750 
-0.177 -0.036 0.731 
-0.174 -0.068 0.727 
-0.175 0.065 0.772 
-0.210 -0.071 0.668 
-0.188 -0.037 0.710 
-0.184 -0.086 0.710 
-0.218 -0.111 0.644 
-0.191 -0.137 0.653 
-0.212 -0.054 0.665 
-0.180 0.072 0.760 
-0.172 0.026 0.788 
-0.170 0.039 0.790 
-0.211 0.072 0.712 
-0.168 0.082 0.770 
-0.207 -0.072 0.673 
-0.202 -0.121 0.673 
-0.217 0.080 0.694 
-0.215 -0.104 0.653 
-0.199 -0.129 0.674 
-0.217 -0.059 0.656 
-0.184 -0.105 0.709 
-0.197 -0.107 0.686 
-0.144 0.062 0.819 
-0.203 0.050 0.730 
-0.171 0.027 0.790 
-0.202 -0.122 0.672 
-0.167 0.024 0.798 
-0.225 -0.084 0.633 
-0.214 -0.053 0.661 
-0.216 -0.057 0.657 
-0.166 0.005 0.797 
-0.174 -0.036 0.736 
-0.180 0.015 0.770 
-0.224 -0.102 0.635 
-0.199 -0.085 0.685 
-0.216 -0.112 0.646 
-0.170 0.006 0.790 
-0.208 -0.062 0.674 
-0.177 -0.034 0.731 
-0.195 0.093 0.754 
-0.163 0.011 0.804 
-0.143 -0.099 0.759 
-0.221 -0.080 0.642 
-0.135 0.037 0.846 
-0.191 -0.023 0.707 
-0.209 0.055 0.718 
-0.223 -0.049 0.641 
-0.218 -0.035 0.652 
-0.170 -0.110 0.724 
-0.218 0.056 0.708 
-0.215 -0.062 0.658 
-0.160 0.030 0.807 
-0.190 -0.024 0.708 
-0.167 -0.066 0.737 
-0.148 0.063 0.813 
-0.168 -0.078 0.735 
-0.205 0.032 0.723 
-0.221 -0.051 0.644 
-0.212 0.036 0.710 
-0.173 0.046 0.783 
-0.174 -0.041 0.734 
-0.204 0.063 0.727 
-0.215 -0.026 0.659 
-0.194 0.045 0.745 
-0.193 -0.094 0.683 
-0.203 0.100 0.694 
-0.200 0.048 0.736 
-0.161 -0.125 0.730 
-0.167 -0.109 0.730 
-0.219 -0.070 0.646 
-0.219 -0.070 0.646 
-0.201 -0.092 0.681 
-0.174 0.031 0.785 
-0.219 -0.046 0.650 
-0.213 -0.076 0.660 
-0.204 -0.111 0.672 
-0.213 0.056 0.710 
-0.190 -0.018 0.710 
-0.182 0.052 0.766 
-0.173 0.043 0.784 
-0.146 -0.103 0.753 
-0.145 -0.088 0.759 
-0.224 -0.083 0.636 
-0.220 -0.088 0.644 
-0.219 -0.043 0.649 
-0.218 -0.086 0.648 
-0.217 -0.040 0.654 
-0.214 -0.060 0.661 
-0.211 -0.054 0.668 
-0.209 -0.060 0.671 
-0.197 0.067 0.736 
-0.177 -0.035 0.731 
-0.227 -0.078 0.628 
-0.225 -0.080 0.635 
-0.223 -0.103 0.638 
-0.219 -0.046 0.650 
-0.217 -0.094 0.649 
-0.218 -0.040 0.651 
-0.215 -0.104 0.653 
-0.215 -0.086 0.654 
-0.216 -0.027 0.656 
-0.211 -0.108 0.660 
-0.209 -0.124 0.657 
-0.211 -0.068 0.667 
-0.211 -0.068 0.667 
-0.208 -0.061 0.674 
-0.196 -0.082 0.690 
-0.207 0.066 0.722 
-0.196 -0.051 0.694 
-0.196 -0.051 0.694 
-0.197 -0.030 0.695 
-0.204 0.064 0.727 
-0.198 0.050 0.738 
-0.188 -0.036 0.709 
-0.187 -0.047 0.709 
-0.187 -0.047 0.709 
-0.188 -0.026 0.713 
-0.186 0.046 0.760 
-0.164 -0.011 0.794 
-0.155 0.004 0.817 
-0.222 -0.076 0.639 
-0.217 -0.031 0.649 
-0.215 -0.098 0.654 
-0.214 -0.070 0.660 
-0.213 -0.057 0.663 
-0.208 -0.120 0.661 
-0.208 -0.069 0.672 
-0.213 0.061 0.710 
-0.200 -0.123 0.676 
-0.208 0.027 0.715 
-0.197 -0.107 0.685 
-0.207 0.036 0.720 
-0.196 -0.098 0.689 
-0.178 -0.047 0.652 
-0.201 0.044 0.734 
-0.188 -0.066 0.706 
-0.196 0.048 0.743 
-0.179 -0.027 0.730 
-0.184 0.045 0.765 
-0.173 -0.023 0.742 
-0.170 0.029 0.791 
-0.156 0.029 0.815 
-0.156 0.029 0.815 
-0.219 -0.114 0.641 
-0.208 -0.114 0.663 
-0.210 -0.029 0.670 
-0.209 -0.075 0.669 
-0.208 0.058 0.720 
-0.197 -0.018 0.694 
-0.193 -0.049 0.698 
-0.188 -0.108 0.703 
-0.184 -0.061 0.713 
-0.184 -0.061 0.713 
-0.172 -0.110 0.723 
-0.182 0.042 0.770 
-0.227 -0.065 0.627 
-0.217 -0.065 0.652 
-0.215 -0.070 0.656 
-0.210 -0.111 0.660 
-0.208 -0.123 0.660 
-0.210 -0.070 0.669 
-0.206 -0.124 0.664 
-0.210 0.028 0.712 
-0.198 -0.126 0.678 
-0.208 0.055 0.721 
-0.184 -0.107 0.707 
-0.192 0.049 0.750 
-0.177 -0.113 0.715 
-0.181 -0.027 0.727 
-0.172 -0.117 0.721 
-0.181 0.007 0.766 
-0.176 0.010 0.776 
-0.172 0.046 0.785 
-0.169 0.024 0.793 
-0.169 0.008 0.792 
-0.145 -0.085 0.759 
-0.154 0.025 0.819 
-0.226 -0.061 0.628 
-0.223 -0.078 0.637 
-0.217 -0.110 0.646 
-0.218 -0.091 0.648 
-0.215 -0.077 0.657 
-0.216 -0.036 0.657 
-0.214 -0.089 0.656 
-0.215 -0.055 0.660 
-0.213 -0.068 0.663 
-0.216 0.088 0.690 
-0.207 -0.074 0.673 
-0.200 -0.125 0.673 
-0.200 -0.110 0.679 
-0.210 0.026 0.711 
-0.211 0.058 0.714 
-0.209 0.068 0.716 
-0.198 -0.083 0.686 
-0.198 -0.083 0.686 
-0.196 -0.015 0.697 
-0.196 -0.015 0.697 
-0.200 0.049 0.735 
-0.191 -0.012 0.709 
-0.194 0.044 0.746 
-0.177 -0.031 0.732 
-0.176 0.047 0.778 
-0.158 0.003 0.810 
-0.155 0.043 0.813 
-0.154 0.018 0.821 
-0.221 -0.103 0.641 
-0.220 -0.082 0.644 
-0.218 -0.071 0.650 
-0.214 -0.101 0.656 
-0.220 0.039 0.690 
-0.211 -0.065 0.668 
-0.205 -0.107 0.672 
-0.215 0.060 0.706 
-0.210 0.026 0.711 
-0.186 -0.112 0.702 
-0.189 -0.022 0.710 
-0.183 -0.088 0.711 
-0.177 -0.025 0.735 
-0.172 -0.104 0.725 
-0.173 0.028 0.785 
-0.169 0.042 0.790 
-0.161 0.036 0.805 
-0.152 -0.009 0.816 
-0.152 -0.009 0.816 
-0.220 -0.086 0.645 
-0.192 -0.091 0.696 
-0.192 -0.091 0.696 
-0.203 0.054 0.729 
-0.180 -0.089 0.716 
-0.174 -0.038 0.734 
-0.162 0.042 0.803 
-0.226 -0.077 0.632 
-0.209 -0.104 0.664 
-0.202 -0.086 0.681 
-0.194 -0.012 0.703 
-0.179 0.012 0.772 
-0.179 0.012 0.772 
-0.156 -0.003 0.811 
-0.221 -0.107 0.638 
-0.212 -0.058 0.666 
-0.206 -0.028 0.675 
-0.202 -0.037 0.683 
-0.172 -0.123 0.720 
-0.162 0.028 0.804 
-0.225 -0.105 0.623 
-0.205 -0.115 0.669 
-0.212 0.073 0.710 
-0.196 -0.090 0.690 
-0.206 0.062 0.725 
-0.200 0.020 0.725 
-0.181 -0.062 0.718 
-0.176 -0.081 0.723 
-0.176 -0.081 0.723 
-0.164 -0.057 0.740 
-0.162 -0.005 0.803 
-0.162 0.019 0.807 
-0.152 -0.009 0.816 
-0.151 0.032 0.821 
-0.223 -0.114 0.635 
-0.209 -0.052 0.672 
-0.214 0.042 0.706 
-0.199 -0.096 0.684 
-0.196 -0.060 0.694 
-0.180 -0.117 0.710 
-0.175 -0.090 0.724 
-0.178 -0.033 0.730 
-0.165 -0.127 0.725 
-0.161 0.004 0.805 
-0.208 -0.037 0.675 
-0.195 -0.123 0.684 
-0.179 -0.070 0.721 
-0.177 -0.018 0.737 
-0.148 -0.067 0.756 
-0.187 -0.119 0.697 
-0.186 -0.066 0.709 
-0.166 0.050 0.789 
-0.192 -0.107 0.694 
-0.216 -0.079 0.651 
-0.216 -0.079 0.651 
-0.146 -0.109 0.752 
